# list of object assets to load in this scene
[ASSETS]
mario.txt
brick.txt
background.txt
question-box.txt
colorbox.txt
coin.txt
goomba.txt
platform.txt
pipe.txt
koopas.txt
#
[OBJECTS]
# type	x	y	extra_settings per object type
# type: 0 = Mario , 1 = Brick, 2 = Goomba, 3 = Koopas
# See OBJECT_TYPE constants in AssetIDs.h

#type	x	y	width	height

# ----- Obj background start -----
# Big Tree
8	79	156	128	64	200000
8	880	142	128	64	200002
8	975	149	64	48	200001
8	1919	164	64	48	200001
8	2415	164	96	128	200003

# Small Tree
8	167	180	16	16	210000
8	183	180	16	16	210000
8	199	180	16	16	210000
8	679	164	16	16	210000
8	695	164	16	16	210000
8	711	164	16	16	210000
8	727	164	16	16	210000
8	743	164	16	16	210000
8	759	164	16	16	210000
8	1047	164	16	16	210000
8	1063	164	16	16	210000
8	1191	180	16	16	210000
8	1207	180	16	16	210000
8	1223	180	16	16	210000
8	1735	180	16	16	210000
8	1751	180	16	16	210000
8	1767	180	16	16	210000


# ----- Box color -----
7	264	163	48	48	70000
7	300	147	56	80	70001

7	439	163	80	48	71000
7	563	171	104	32	71001
7	495	147	64	80	71002
7	547	131	72	112	71003

7	1319	172	112	32	72000
7	1351	156	112	64	72001
7	1387	140	120	96	72002

7	2167	164	48	48	74000
7	2203	116	56	144	74001

# PIPE
9	368	150	29	16	90001
9	368	174	29	31	90002

9	1807	164	29	16	90001
9	1807	180	29	31	90003

9	1872	150	29	16	90001
9	1872	174	29	31	90002

9	2272	-75	29	16	90001
9 	2272	0	30	30	90002
9 	2272	30	30	30	90002
9 	2272	60	30	30	90002
9 	2272	90	30	30	90002
9 	2272	174	30	30	90002

9	2336	164	29	16	90001
9	2336	180	29	31	90003

# Platform
5	0	197	16	16	40	51000	52000	53000
5	640	180	16	16	30	51000	52000	53000
5	640	197	16	16	30	51001	52001	53001

5	1160	197	16	16	22	51000	52000	53000

5	1544	197	16	16	5	51000	52000	53000

5 	1672	197	16	15	36	51000	52000	53000

5 	2264	197	16	15	35	51000	52000	53000

# COIN
4	1112	64
4	1144	32
4	1176	0
4	1196	-32
4	1224	-64

#BRICK
1	1958	180
1	1974	180
1	1990	180
1	2006	180
1	2022	180
1	2038	180
1	2054	180

1	1974	164
1	1990	164
1	2006	164
1	2022	164
1	2038	164

1	1990	148
1	2006	148
1	2022	148
1	2038	148

1	2102	180
1	2118	180

1	2102	164

# QUESTION BOX
6	184	130
6	200	130
6	234	85
6	250	85
6	423	90
6	663	162
6	711	130
6	1484	146

# GOOMBA
2	152	175
2	620	120

#Koopas
#3	560	100	0

# MARIO
0	20	10